81,59,-6557599369957653009
81,60,8776329240782672172
81,61,4355799056987657857
84,59,5224922589627006268
84,60,7628877184361600140
84,61,4356359347210115103
83,62,-6318552632566804706
82,62,3682162888118085432
84,62,6799029967562858991
81,62,4240887399949110173
82,63,-9155521842651661845
81,63,4113510403811207870
83,63,3475466025183480195
84,63,-2769159966483557943
83,64,1319208081075670636
82,64,7646014432645076429
81,64,1221723175116096694
84,64,-806787079707955783
85,62,1016542159099894220
85,63,-8498812405583665030
85,64,-505546032921680802
86,62,2534722590730281216
86,63,-7615546192301855860
86,64,-6756531194375602801
85,61,-2270967279093216409
86,61,7375704143650750822
87,62,-6932033972788419549
87,63,5752637404092021041
87,64,-1520498635751646131
85,65,5153821749430682594
86,65,-6587712239575295525
87,65,2779548468339162506
86,66,-627915659416294628
85,66,3255454444708671162
87,66,7851100929388104729
86,67,-3773816147121304825
85,67,-4267092354587082429
87,67,-5860334771358223745
87,68,5819589397156062046
86,68,6580671239082116235
85,68,-7212743878991429199
88,66,4494070055509057495
88,67,-3614476495163575061
88,68,4057422442144531666
86,69,-5964904597622747293
87,69,-5849545847382030007
88,69,-7748712241115735643
89,67,4140078374551857317
89,68,441835548470564992
89,69,6583488913233222714
87,70,341238028943977380
86,70,5487362226328884463
88,70,-1869187872913087778
89,70,3109786885707635667
88,71,2736175355297162901
87,71,-4287820714728694122
89,71,8884804560434764498
88,72,6572650373252727242
89,72,694265407613292216
87,72,1632498195810337944
88,73,-7930688102367684433
87,73,6829144530062438879
89,73,2240085426188193193
90,71,-8815552628530147353
90,72,-2172109613937714325
90,73,-6849222679953766500
89,74,8072169332346576787
88,74,-1535457367335977239
90,74,-1049365846924180939
88,75,-2876797566275659019
90,75,8421104916887295649
89,75,-5180181315660388101
91,74,-92221303376060618
91,75,-6527920817591005724
91,73,3400465190601122101
89,76,4928470063632013429
90,76,3642939229806297312
91,76,-8079615012510080081
90,77,3302802560377604561
89,77,1474654255513600589
91,77,6995194031592143867
89,78,3782965839091384715
91,78,7284502136510772284
90,78,-6845135837078882851
92,76,-4948114329052165129
92,77,8885952927237090116
92,78,1405098060393061534
90,79,-2261972021037534626
91,79,1823749760499045265
92,79,-5794299970993467774
89,79,4734354020009938
88,77,18920002470674751
88,79,-5427043795237992211
88,78,805522761152161726
89,80,520380203132094916
88,80,8903185491696760717
90,80,-200081769684649115
87,78,5618342499337748975
87,79,-4424884916720225454
87,80,-5095393058557029700
88,81,3169130455912325523
89,81,-4224175255529183098
90,81,-6039390944519872712
89,82,-541991520424389779
88,82,6459962054250926626
90,82,1121880298109358384
87,82,-1334422112725960798
87,81,-7675541545243980520
88,83,4688655093237766293
87,83,6086504928644601950
89,83,8817274319774880849
86,83,4282733136591358445
86,81,-7668545727188331561
86,82,1572793539540007981
86,80,-5711297727989751571
85,82,-1856996691119489334
85,83,-567953260635582753
85,81,5815057086266084117
85,84,781132716774554500
86,84,3040869534640664732
87,84,8912845557803231891
88,84,6049742969191293449
84,82,-3788986930724244028
84,83,-8777107353015481280
84,84,4313243225994036241
85,85,3943738383861153423
86,85,6382927393058459370
87,85,5704214272416578690
84,85,-4943337067557659163
83,84,-1010091256321459566
83,85,1177026364486537588
83,83,2306681012574376643
83,86,-449367893153939746
85,86,-6723035666918368008
84,86,6960790306424568708
82,84,3283809421193211277
82,85,1718413880702237491
82,86,-5979303409574005384
82,83,-3000920942918038224
82,82,-5844978640097867315
83,82,-4512617540089591470
81,84,-8736141171341688101
81,83,6353339181550103928
81,85,8132134132099195369
80,83,1748853090925763842
80,85,-2376814234622030122
80,84,6123550002009412504
81,86,457604957076085348
80,86,-4519117906936813702
81,87,7861191187495856444
82,87,2558127556498146701
83,87,-8989498969747494562
84,87,-6943664463447939428
88,85,8353214032758155251
89,84,2510334843595847628
89,85,1051542090499327798
87,86,-7922599993354786110
88,86,-2254579808138394355
86,86,6616620485191286547
90,83,-1973071582452551692
90,84,-4654559108132911748
91,82,7547613677028760508
91,83,-4090596730853372172
91,84,-7265913391492477243
92,83,2349478088824866990
92,82,-514334428434402627
92,84,359470190097499779
91,81,2120952964724685980
92,81,3948159925706793635
93,82,-6397568608944045908
93,81,-8550441766971742982
93,83,631999453427777637
91,80,-6506906126486379439
93,80,-3741554887782142739
92,80,-2964341763648004484
85,55,8124390122119095126
84,55,-8293325762824496001
85,54,-7613516354475849739
84,54,-7178160020202289814
86,55,7857180814303960152
85,56,2143965987316953371
86,54,1967013288595542643
84,56,-1199471969709933272
86,56,137071866704184039
83,54,8632426982858122787
83,55,6415287651955667315
83,56,5779125138773688203
85,57,3752041995467918509
84,57,8297174832289569032
86,57,-6709493492049797177
85,58,5529588039844724935
84,58,-4760338838977344225
86,58,-8923734928201857237
83,57,-5070127638244906430
83,58,-3874799281177397920
85,59,-8286407797598786080
83,59,4862377868554145993
86,59,-8755871939143674047
85,60,-2053466655055857417
86,60,8055212061658532206
83,60,6934347570495108510
83,61,6116777093676969706
82,59,5875688112861210038
82,60,3807133631480949908
82,61,-1738043663163408772
82,58,-6518940917282188052
83,65,3143027939839329509
84,65,-2838229966426600301
84,66,-7945711682699793871
84,67,-464163657445409060
84,68,-2906325730422967726
84,69,-7615532960718102041
85,69,-5781885000466995541
83,68,5382721447233616477
83,67,-1501009713425304859
83,69,3783168501384608332
83,70,-362834238413678859
85,70,1624209327654454152
84,70,-185576044976604224
84,71,6684253478098797268
83,71,1363801864165426817
85,71,-7487347354145560630
83,72,-2411805664557607373
84,72,4791641156044437468
85,72,-8545637723683878936
84,73,6940148236860042986
83,73,-3706861622302528091
85,73,3652469709442821158
83,74,-4168727650370756486
85,74,-2265560855329742325
84,74,627296744127807330
84,75,-6763254590138506319
83,75,-1635801916828101234
85,75,3569153209061590999
86,72,4321415534110771151
86,73,-6453571863675529782
86,74,-3237617224467964290
86,75,258145178983654771
82,73,5646102227556097984
82,74,-7171064308487564984
82,75,-4616109037474702308
81,74,717547832769532869
81,75,4132671502620166959
81,73,8551533029157993796
81,76,5194783092254782748
83,76,-2154116727678163607
82,76,-8172824043222396598
82,77,8636335001693738183
81,77,8878814000988502918
83,77,7038033826207141521
84,77,4394647874386660144
84,76,8874244114754387043
85,76,1285441774510709273
85,77,9128090296121553427
87,55,8613259879730272075
87,54,-2342029460346132249
87,56,6039354364162880139
87,53,2409337099852597835
85,53,-6384561585682020940
86,53,-484403863221193837
88,53,-5357334886279093784
88,54,3825988973141931984
88,55,2680853966313587572
88,56,-4606200051551335297
89,55,3008172249247616953
89,54,-9129692179798311060
89,56,7715730305178845983
87,57,3399026907197138630
88,57,8328544421244007289
88,58,-8589085446684396249
87,58,-6726172261918448069
87,59,-6804101578700390309
84,53,2937050166032803307
83,53,2302038842276340493
82,53,-1285320101738651005
82,55,3732018057829898226
82,54,5287684300241520826
82,56,-567150872209848301
81,53,5663678178222106768
81,55,9147117076031615672
81,54,-4350584313772636598
80,53,5524660947349395112
80,55,-7387353634723393492
80,54,-4684182806253251385
79,55,-8295317514371951316
79,53,-4623271834143825065
79,54,7476673972220675281
79,52,2740441978101630064
81,52,3841865717664603261
80,52,-6526597442301358307
78,53,5772090764246794503
78,52,-426730898314490672
78,54,1128985768384022531
77,52,-6914038148603887908
77,53,-3168380194144976665
77,54,-2848356358187122135
77,51,-7855270031643047896
78,51,-79077144247003569
79,51,-6452244455020370459
77,50,-7982082668433252199
78,50,-6621684772507414369
79,50,6563365087470449102
78,49,-975622162455233227
77,49,6538407285648278472
79,49,-161103299558650879
80,49,-5911079935687589463
80,50,7866375573031547137
80,51,-8765879245594080886
79,48,-5859669844158745738
78,48,-60410262047635039
80,48,-7051149793580008533
77,48,-5388724654930553026
78,47,-8205656041974392728
79,47,-2349954291609032554
80,47,-5654114614186751005
78,46,-5835071490359026845
79,46,-2240325456777958094
80,46,1067070487314888382
81,48,-8795501621449508534
81,46,2366677696593712018
81,47,-6460509726606648345
78,45,-1601368167188014014
79,45,-364727895501781973
80,45,-1829210605843290997
77,45,-8947180701560784058
77,46,8892744788345081487
77,47,-5738913108337521487
77,44,5056468792710806131
79,44,-4288766592754317563
78,44,5943737417159553804
80,44,265285901920138926
78,43,7864826017690246887
79,43,-2816478231456333705
80,43,4013528104796365492
78,42,-1678670754528196493
80,42,4987858349016868670
79,42,-2084151720172900684
81,42,4766425228568663399
81,44,-71384983063631780
81,43,-7231467144372308285
82,42,-2793466924132447728
82,43,-1682007182406504070
82,44,-416430388505260942
81,45,-1580127410850250697
82,45,2850847621724688341
89,57,-4973771014359955652
90,56,7278701353322170204
90,55,1656210996329248184
90,57,3245303911106329753
91,56,3257856564029024418
91,55,-2816019175734169739
91,57,410925941712489020
90,58,2734261870724262715
89,58,-6967966833388574396
91,58,8663429725677109049
92,56,-5195690958969097361
92,57,-820922734303031426
92,58,-7828951509955642968
90,59,2773020883595808153
91,59,6933229324050302094
92,59,6270118255985557700
93,57,8106846363470972712
93,58,9207800971926723338
93,59,-254389231680030474
94,57,7364908743401778700
94,58,2943453387108784863
94,59,-1670965304630773226
93,56,2142341336151411580
94,56,-652622688739307649
95,56,-825397171216223434
95,57,-4998982825268608948
95,58,7250887497344220268
95,59,5059750364618529894
96,57,-5986429963745765028
96,58,-748471939355010153
96,59,-8895046617151345382
94,60,-7118319955674075112
95,60,-443849468766996681
96,60,-4342186766223038301
97,58,-4392997369394846890
97,59,8736071337584513253
97,60,-142373640041431627
96,61,-3874343507158982414
95,61,-633786940507519878
97,61,8441786121201460095
95,62,-4210739163106560464
97,62,8118993313562783570
96,62,8611747956717783033
96,63,8443735319486484401
95,63,6590448048376329041
97,63,-1547630991893058161
97,64,-8209574853960176257
96,64,-2265126707025051786
95,64,-6559591864716585388
98,62,-8523911019471139149
98,63,7047972932687103425
98,64,-8467018393377272797
97,65,-7352005701577362447
96,65,-4381239511403613934
98,65,-6197626429509806079
95,65,2955195680113718942
95,66,-4205075111614003242
96,66,-7416904115162684652
97,66,-2679772918157279762
98,66,757581868637379872
81,56,448003984777517270
80,56,-4821255002647839735
82,52,-1498513383176626270
79,56,6560713743504641143
78,55,-8900277176575071414
77,55,-7129295381307579026
76,55,7669346581796960762
76,54,-2859942064177741168
76,53,-7519016561548252796
75,53,7717184016317843236
75,55,1044928786017902935
75,54,-2702935141255573289
74,53,220341089086840487
74,55,-6798401857065122615
74,54,3729555725304374782
74,56,-6404849461627177383
75,56,-6858923849912499574
76,56,-6049182164480506045
73,53,947109499408801403
73,55,5257445144358059161
73,54,8527814035468099565
73,52,5173883730918912249
74,52,-3241821994284069342
75,52,8153745461020130859
72,52,-7917270040517699610
72,54,-3818602801693135052
72,53,-3380282349876166434
72,55,776814175842144289
71,53,-4861687338397540191
71,54,-7896709265273260025
71,55,6443036113806062969
71,52,-3761186352552654917
71,51,36986201836928923
72,51,3002278801528808261
73,51,-5205303779138973021
73,50,3306190527555270447
71,50,8120971002392932050
72,50,2544097457251850666
74,51,1505626745102459332
74,50,8629603150165199635
70,50,5176772341734350312
70,52,-9008268797043656397
70,51,9116103049276089791
69,50,295412527095863112
69,52,-7705946223736965470
69,51,-4840653299418480908
69,53,8340927669369327450
70,53,8312339508303385286
69,49,-2351092237474058476
70,49,-8380223145614298643
71,49,5351948480393999649
69,48,5666346790828479087
70,48,4655293649620341250
71,48,-4723892072399769895
68,48,-6391278685973321219
68,50,6004647629283307347
68,49,109268638391867535
67,48,8985576044159626383
67,49,7165194234873994477
67,50,-2303332328272088526
67,47,-5216792984147030061
68,47,-903873926503674860
69,47,5848948772749017326
70,47,-1245105856134774679
71,47,-7893095100161424938
69,46,-8575992785911820585
70,46,4314286064980045778
71,46,1725697649752736175
68,46,-8957349534594456649
68,45,1838197953749084251
69,45,-8247610742801921497
70,45,9097325764055679326
71,45,-6797082850825021462
67,46,-4048273619515433546
67,45,-875903784592498324
66,45,739176497566967120
66,46,-5473794641345730333
66,47,613370710485952644
67,44,-3547859181947981413
68,44,-3429786571261468882
66,44,4154743482815312147
65,45,-5291031725089359838
65,47,6096632213613965204
65,46,-1771694922255799083
64,45,-6819595876245969336
64,46,-6547839863722054916
64,47,-2253254515145325407
63,45,6303798848547057742
63,46,5108009818594923553
63,47,5212342126292987751
64,48,-4489895220567461920
63,48,3690227697542495845
65,48,4803507216139842037
63,49,2230247848237457095
64,49,-3527904013691117461
65,49,1990230254291464519
82,57,-2949181211420254153
81,57,-5603714992575348312
81,58,1827639119368901692
80,59,3388755475023141161
80,60,2720486193111375395
80,61,4989688180105624146
80,62,-9013484621187820604
82,65,-7561569497985442813
81,65,-7499454896659967605
83,66,8941535293535419997
82,66,-1136656550368009160
81,66,6167884849335714874
82,67,-8741502085946312078
81,67,-1485761675883739286
80,67,-8184830521674156321
80,65,-3377545749341450429
80,66,7021147129645042651
82,68,5565135489874242073
81,68,1932996217278263153
82,69,6757035989559002800
81,69,8306908658552893356
81,70,-271914854113876620
82,70,9136190644278977251
82,71,4263536872230162437
81,71,3007000640769928281
81,72,-7402182174149152456
82,72,-1973209333338137608
80,74,5059692938462643231
80,75,8001576983996396900
80,76,7329051244849875049
86,76,951941467392279530
87,74,5099752674036016951
87,75,-499314787125718479
87,76,-2942308961765158821
81,51,1848766688781729594
82,51,7440986499840206208
81,49,1642745563151045653
81,50,5953337807518283400
82,48,1796900784927290786
82,49,-1292630936404378139
82,50,-2468527309305322338
82,47,-4173952276955042925
82,46,-2471211109027920031
83,48,-4475197391696825309
83,46,-2220162911925377593
83,47,-7190715953537381649
83,45,-3445540622767474384
83,43,-5538750854647898616
83,44,-2124319715584049330
84,45,5352287721617521731
84,44,-577643517837566467
84,43,4652230083586530178
83,42,1149408194684375716
84,42,3312639125225533121
82,41,-4083719754646578383
83,41,7970528719717486321
84,41,3674546143968267829
85,41,8908619414756023356
85,43,-4033141113335656126
85,42,-5510397951703098734
86,42,7650324393940432453
86,41,416156471958929606
86,43,-8812889886722852868
84,40,-3716531996568214962
85,40,-4965921059797593978
86,40,4124042210703798349
84,39,7419480561005578493
85,39,3395132943024089214
86,39,-969665815065656156
84,38,-5996363881475446363
85,38,3863862109383440437
86,38,9155827198847158434
85,37,-2826165725913086807
84,37,3303536322705350917
86,37,-2305565262049958510
83,37,8147984935867841839
83,39,8689496038993563776
83,38,-7716415219649199941
83,40,3859214403777507176
82,38,-8361993451361769512
82,39,-2158371905049786166
82,37,-929167750841472677
82,40,3684217776739750699
87,41,3466366279169600391
87,43,-2596718813032325582
87,42,5187611433384474209
86,44,-7938489153997502742
87,44,3527794667777015990
85,44,6934092904585859281
88,42,-7299241626706492895
88,43,-6509381701661032554
88,44,-7958801692188943436
89,43,874214908578138848
89,42,-4678560521575474860
89,44,8782798976486821072
87,45,8336403694764726082
88,45,8334029202810079226
89,45,-1350496700811161712
90,44,8858292960265024719
90,43,1823972964840212069
90,45,-2621481509782660226
88,46,-7342957200970057903
89,46,8306423393116943570
90,46,8012927936390346283
91,44,-2856710949040839571
91,45,7985477355344981653
91,46,6058166459701367776
92,44,8519197365321973039
92,45,5205369160724784568
92,46,-3470532168831711450
91,43,-8127449881425541661
92,43,8143879258122964199
93,43,-6442451065797365639
93,44,39235186679981172
93,45,-3698174582084966672
90,42,-1663341500218557045
92,42,-5078633881948851601
91,42,-7387385111530553141
91,41,-8890856418301132237
90,41,-2880004591380876190
92,41,8376685795468244563
89,41,-8446887397495494564
90,40,-6602926749977159833
91,40,-1655377470809380514
89,40,5903605266105389660
88,40,-3913686030980032032
88,41,5509523384199001246
87,40,-6624466977332520096
87,39,-7335940701191229947
88,39,-9156836915147495120
89,39,-2676015706557323366
90,39,-6062805968380873101
88,38,-6299465972960601685
89,38,2840712544164413722
90,38,7876055699120363604
89,37,-5937865694771522363
90,37,-2748369749447469528
88,37,-3078239721839909351
91,37,-1993618795443103348
91,39,-4719734399300728418
91,38,6941904937477140591
89,36,1702110682500552718
90,36,-1545737873102540825
91,36,1824064264963474660
89,35,-7894368520946358934
90,35,-4997290129222543695
91,35,3312564454066670572
88,36,6226225169750837985
88,35,-9167335211152883251
88,34,-2635108196950205537
90,34,3374168903444725568
89,34,-8935500091692157469
87,34,-899633425632862866
87,35,-6433496699883122923
87,36,-8502548071156784946
87,37,-6834167348434360975
86,35,3933373661137289129
86,36,-2481393707309538514
85,35,7903946282108960515
85,36,-8396505958338567862
87,38,-1992363409382265249
84,36,-5671021800712198305
84,35,7544943918478115480
83,35,-5653653621036588746
83,36,-8039236687199200253
80,57,-9000075423458096893
80,58,7789885123737582268
80,68,-396699360453315201
83,52,2383752205782225077
80,63,-323849643161788291
80,64,-184180031177276989
79,63,-7111877968708123075
79,64,-673603128115827490
79,65,-3890201375458488617
79,66,-3919152257736119248
79,67,-2734196103329452402
84,52,8118707673172737538
85,52,2514666924356466408
86,52,-6083460292000748593
85,51,6941149489292745484
84,51,-642814122738620873
83,51,6434922974472131559
86,51,-7039057956103553755
85,50,7498857225290811402
84,50,5306127968783371361
86,50,795871953832215550
84,49,4547107525746643171
85,49,3684154025265826952
86,49,-4319341973099153719
83,49,86466029129722216
83,50,-2780624043069835156
87,49,5630336452438941619
87,50,-7923054198608878417
87,51,5800672000173478636
88,49,-7274068816820560401
88,50,-5630105063356673114
88,51,8888642302973413325
87,48,4229413949502899197
86,48,-7562706594768702021
88,48,-6213500168001486599
89,48,30563833137211952
89,49,5943026306318557768
89,50,-6997259771905200022
87,47,-2738253296069885153
89,47,6685153703976322438
88,47,8102820416137927289
90,47,-8807816465461632955
90,48,-8802012667107492720
90,49,1716281773044236472
90,50,-1455085318118682691
91,48,-2204934346005741360
91,49,7694704708032764076
91,50,3383720436427303450
91,51,-3433896096460465718
90,51,2363573824227529085
89,51,-567856838679025995
91,47,-8699424335886063994
87,46,-1073136989160991687
86,45,-943612945731014241
86,46,2665736520318251902
85,45,3674998118111615517
85,46,645968461127406284
86,47,-4055525948567176112
85,47,3096166412622936164
84,46,5020438993715528354
84,47,-3793985272013993787
84,48,5585825217732897979
85,48,-5940622344632434948
78,56,7035594784080805541
79,57,7920709663863238679
92,55,-1150331094921117837
90,54,3332534277765255300
91,54,2130194753416290633
92,54,-4243056108301503984
93,55,9092299371777363306
93,54,7113919797634603366
91,53,-1840396034499573437
92,53,-7624623076237047292
93,53,6002697272538292005
91,52,3129199937263752946
92,52,5797416860808064591
93,52,376332513306580966
94,53,7639017385721493710
94,52,-7933183043979904716
94,54,-6032223942170258767
92,51,2088669744011902853
93,51,58920184039253469
94,51,5063968934324744930
95,52,-7340756126704786202
95,51,1303795222872102604
95,53,4040200303626388917
93,50,5349585855321910894
94,50,3874482338964295998
95,50,-2694766850596302483
96,51,4649705461849308154
96,50,-661261819410557860
96,52,-2480282133459871767
94,49,3839451443120126769
95,49,8929115173745850003
96,49,-2539972216568680387
97,50,2921923445675817153
97,49,-1934471905672043576
97,51,6638790049413350988
95,48,8698098306777770857
96,48,-7121975301892758127
97,48,-6085585131356224513
98,50,8883662910885340617
98,48,3947281141950433427
98,49,1514678160044198349
98,51,-8994278252806415465
99,50,979398233540426210
99,49,8383855287122455334
99,48,1434446608566834833
97,47,-3191297443374088066
98,47,-5005664115091626795
99,47,894512854177338058
97,46,462663346302037300
98,46,2971024556262906492
99,46,-1673817417262397624
100,48,2229462583458176217
100,47,1661669811405874682
100,46,-1466264425825545697
97,45,-8004894109139294185
98,45,6161249683050221976
99,45,1216026738322863104
96,47,4020906371538967322
96,46,1209789273433662353
96,45,4745667185081382888
95,45,33253408269545876
95,46,98296817519279913
95,47,-5287475957941854269
95,44,-5575841777288660957
96,44,936949741390415035
97,44,394965264410888673
94,44,-4608511430217925609
94,46,8107638761984838390
94,45,-2924385569168883895
94,43,1643096118918640736
95,43,728688421821366745
96,43,6948153069173705278
97,43,888855285716187956
95,42,-4642759163291801193
96,42,5836408990036714772
97,42,-4306939537799306082
95,41,-3008978444428214321
97,41,-393733203628671761
96,41,3880556117589427806
96,40,-9080842865130642653
97,40,159813389427453418
95,40,-762695555684740268
94,41,-4588059013999671392
94,42,-6766821644599129240
94,40,7874348521202789868
94,39,-341477365272573552
96,39,-7843516407894282296
95,39,9154636908249507497
93,41,-705845495961197139
93,39,5502502740107046863
93,40,-7368531111707388163
79,68,4275219311527932392
79,69,7535117385655412364
80,69,2108135777100429871
80,70,3798636761293854449
80,71,287086223148547225
79,70,-668522534030839704
79,71,9168874811494738716
79,72,-8065609631797016436
80,72,4520830198122720565
80,73,-8781637245856210085
86,77,-718748161157990326
87,77,3253172870623373968
88,76,7367930464520641886
91,72,3042133355141501302
91,71,3819977142688672908
91,70,3272372477255815771
90,70,-5581412283977145528
92,71,-1885994731524791065
92,70,-6385684797374890672
92,72,4326471282562982755
90,69,-6760491020730506472
91,69,-1940553326595781687
92,69,-4060003842631944856
93,70,-7653848142462473142
93,69,-8861344485603058362
93,71,-3494018269747060478
91,68,6170141112714101348
92,68,-6969918606714342271
93,68,-3530485704540480015
76,51,-4657441544127666134
76,52,-1834113034616575067
80,41,-5506174883820402268
81,41,1364965345892581139
79,41,7567330128132391102
79,40,7438163513341820503
81,40,-2607725271565217358
80,40,-9103295389935966110
80,39,6423558499505286010
81,39,7618701113908660755
81,38,4186681966314465416
82,35,9005961841576558263
82,36,-8702455713731316358
81,35,-1170070410450237781
81,36,-4456830116458857925
81,37,-2185429119920344066
80,36,6287475222231336250
80,37,-4358054975875264184
80,38,-3440860381362825462
80,35,-5416575517195584709
80,34,7599343137345673663
81,34,-8105916379773499972
82,34,-7943533885339262254
80,33,-4615798693227467114
82,33,-2572614534177483805
81,33,-5821734455189955774
80,32,-2237293222384381215
81,32,-5260453125520132546
82,32,-8120705226575079706
79,32,-1100471194066147549
79,33,-5907009119509461028
79,34,-3679196643597101133
79,35,-2370553293255966858
80,31,6331839736220169409
79,31,5606291167537459503
81,31,153022951819223260
78,32,2532689510028222999
78,33,8592582164579822255
78,31,8375159590834316775
77,31,4960674226857717588
77,32,3588240418645172990
77,33,-4123537644698735814
78,30,3159956471159926897
77,30,325543772498591044
79,30,1059489144423997094
76,30,7914572637039209280
76,31,-971844462707298560
76,32,6889351915445510335
76,29,-6482000850592294553
78,29,-2996481120550427540
77,29,2224103623013176343
79,29,-1501367396977097956
77,28,5183495898589319311
78,28,-2346110242646447413
79,28,1773619278593034832
76,28,-5677584150285945980
76,27,8840472362597867002
78,27,2999731226536403064
77,27,-4035994134906839946
75,27,-7538644463837002290
75,28,2955466218650358470
75,29,-836358441679396925
75,26,6953105763514885094
77,26,-7405347962694532471
76,26,-4363645219718464906
74,26,-7529875266268868982
74,27,8533588878855699469
74,28,5567387033519552946
73,26,6100528191368170392
73,27,-3910299643002983693
73,28,8188120288547294729
78,40,-899198264498108612
78,41,2935402683966606743
78,39,6153154159334269594
79,39,-8937989929278365912
77,39,3121154558702188342
77,40,8365992856964591150
77,41,-8569869874498000655
76,39,1729901553682704516
76,40,-2396187589647779996
76,41,3493325150444567578
75,39,-4602994093057866960
75,40,-2940884734169779927
75,41,5346001284671695531
76,38,8828326289954611368
75,38,5276283915620290328
77,38,421359078857667467
74,39,-411284261266560749
74,40,3239947575645681043
74,41,-6372155085739003785
76,42,7229391723346182754
75,42,-5295042750188852230
74,42,7814001311614798711
73,40,-2579191247810141556
73,41,2532985091070646387
73,42,6371459997310195743
74,43,-216727185048720233
73,43,-7247251457447836139
75,43,-2404736899922501763
72,40,5643357219577207053
72,41,6439504871307524997
72,42,5358989897772878167
73,39,1487873280064970952
72,39,111405807423218555
71,39,-4285543111037213611
71,40,382930046183844658
71,41,4814385344285718709
71,38,4337173780228846555
73,38,-4198073996158326534
72,38,7188506532092057144
70,38,-5505969073658537455
70,39,-2794045957005320103
70,40,-687883229289362594
69,38,3984664028678610142
69,39,718233104200558141
69,40,7777745283389956832
68,38,7511350572167761864
68,39,-431117051685522765
68,40,2302190344630252406
70,41,-7749477189635660907
69,41,-6142538170750650076
68,41,-1851156450249739389
71,42,-4302452781157383196
70,42,-4294409380610552015
69,42,-7627852838008867115
71,43,-3947151678450774369
70,43,8555131664906504566
72,43,-978434754629131535
69,43,-1785260313586459469
68,42,7188665276722443137
68,43,-3012355163859497036
67,40,-3942556026697531829
67,41,4240420191917554414
67,42,2645868199781249050
67,43,4170476189925956407
66,42,-8246539014220244964
66,43,1394237582218584220
69,44,-459933317445457107
65,44,1385419266111865496
64,44,-8896880991326030141
63,44,-8208601138061836608
63,43,-2457467042143917088
64,43,3548603917154195121
65,43,8971245904677709602
62,43,-4374680398740048534
62,44,4072448774771128430
62,45,-5153668071931130534
61,43,3396609838034429814
61,44,-759414976962620528
61,45,9169372511186372993
60,43,7696800757313225804
60,44,-5602347098473218864
60,45,3577633499929640804
59,43,-1377643848422980773
59,44,4758077434616295834
59,45,-7720195985291678092
59,42,3763080216965985283
60,42,-1753075841238984671
61,42,-7556801367551468119
58,42,1538126498604423403
58,43,4566741446266010088
58,44,-6231666008641735939
58,45,6633103233472166830
57,43,5041210271060980676
57,44,796566284734455923
57,45,3342073782135790209
56,43,3102576124079696799
56,44,-5512091040582120699
56,45,-7237244622111763517
55,43,-7161243167584906785
55,44,-6469630645067162283
55,45,-3833215250430387546
56,42,-8678787083846369256
57,42,928029417144457273
55,42,-3866930949421481766
54,43,-4018481461072009438
54,44,6612016590464874968
54,45,-8989327446640249949
54,42,5970596125741764079
53,43,-7809117475724551200
53,42,-3241885362766468523
53,44,3751603601115327320
55,41,5824139076676639878
54,41,6779524898060317175
53,41,-3410456339277449659
56,41,6072555540136521928
53,45,8703364063563285064
52,43,-7971583195673492012
52,45,-5798211950300386249
52,44,5542188530197412301
52,46,-4329835451435441825
53,46,-2616982245666596384
54,46,-6499597446947115782
51,45,2441823241177853179
51,46,1781990453208950559
51,44,-5514519918994423892
53,47,6041870637393042388
52,47,-4275431041711999620
51,47,-7891370468709873334
54,47,-8049864894008564517
51,43,7836808810446948881
50,43,-5792257234893918362
50,44,3794081657149719508
50,45,6007158624493190818
49,43,-4430817698236402840
49,44,-551036161303445905
49,45,8661965471998183824
48,43,-1131069074517179398
48,44,3367398801595814863
48,45,-6194403231731012247
48,42,-4140927419058827196
49,42,-6843415095995573439
50,42,-8156729887504759445
47,43,658010051399750276
47,44,2944429733008660325
47,45,-6333527773190296867
47,42,2300968081400728808
48,46,-8940423324046042675
47,46,-4606987958218142624
49,46,4947007947006240291
46,44,6727409734937441967
46,45,4967551846134312991
46,46,-8020231821886957149
47,47,7532215350278278093
46,47,-8729606535238276098
48,47,1472251524247826135
45,45,3668213905377606690
45,46,-6033807168750864681
45,47,-5522591525252776850
44,45,-5239344038099580357
44,46,-3129836254067391206
44,47,-1452390816254092926
46,48,504592417715182478
45,48,-1043180547869531997
44,48,6947142116616566076
46,49,-3281205936101011277
45,49,-2132871935861578353
44,49,-2349377377288469126
47,48,5576838437690544411
47,49,-6042617281055695719
45,50,3643767189598515830
44,50,3175639134997240644
46,50,-3707229710733811321
44,51,-8267521204711780346
45,51,2352034310169098062
46,51,-8989737450880873742
47,50,4470623282158063406
47,51,7350904999335046967
43,49,1232174978946178380
43,50,2243997104124155665
43,51,-8994358400861556287
42,49,4339337643301560735
42,50,-1406232076070304170
42,51,-8313412967283399505
41,49,8620321308654095998
41,50,-4571845110885916655
41,51,-7441554775074621269
41,48,3889697649140234675
43,48,-7754172312708731886
42,48,-6269678829864858081
42,47,-3333704912624617576
43,47,-2277255960103189268
42,46,-8918541239115306174
43,46,-1163937092133703671
40,47,5913503164397956194
39,46,-2017437503175104460
40,46,-8807361548024990272
39,47,2030822960430179613
41,47,-5992372435355762378
40,48,-660175237771167688
41,46,-6530130028064517902
39,48,5744878716347149356
39,45,2041607967614035213
40,45,-2490495226555487243
39,49,-3118596856874976913
40,49,-5412055350890792799
38,47,-4296952343808712670
38,49,-6122532998798871699
38,48,6700801458042728875
37,47,-4761333763225194247
37,49,8764051474428446822
37,48,-394287389415310075
38,50,76760532906668338
39,50,-128730786275420702
40,50,341050226223656991
37,50,-4442312307298804054
36,48,-6733982412379289707
36,50,5777881323205678745
36,49,1139938236943729201
36,51,4541407375572353929
37,51,6133823024619670705
38,51,-5759254482339562030
35,51,-6252640985963399035
35,50,-2451929506789887979
35,49,6080016759679259076
35,52,4394436779720094616
36,52,2357361399948998114
37,52,-1360171882504620349
34,52,955237731015637846
34,51,-8280103163249654024
34,50,6791018440879251371
34,53,4079777623965480914
35,53,2414573993831665803
36,53,-7261072215548386989
33,53,8757241789444448859
33,52,-1986718393276032867
33,51,2141118067238803770
32,51,3634362420495588051
32,53,-5273654759940491720
32,52,8939619555621627118
33,54,6089112895679926100
34,54,-5728124738888559140
35,54,-5512015989511674637
36,54,-4528958083764468386
34,55,978077860481936220
35,55,-2542306015322379665
36,55,7448005035196907941
37,54,-5345158794683812358
37,53,-8292532264330234919
37,55,5132345898794038705
38,55,-2095335747167655578
38,54,974260073196344630
38,53,5663327319241022387
36,56,-1023788916238600063
37,56,1555200379737366507
38,56,-3210318498161854393
39,55,3336075246645524097
39,54,-6692626838416139697
39,56,-8011324287393919910
37,57,-1605058798334656192
38,57,6559673307139841182
39,57,7514991435234192462
40,57,4821593984719507501
40,56,6261559484628993761
40,55,4997640308748523705
38,58,5617309947810034218
39,58,7413807386401876953
40,58,7296899776940108627
41,57,4917800507880756798
41,56,3119693389682413706
41,58,-8876807188072685959
42,57,5612264830041478476
42,56,-3358450694439871737
42,58,-521739176466201712
41,55,-4433069554761199531
42,55,6162896920127933428
43,56,-1418497492977778734
43,55,-5523245368310496142
43,57,-6382352237428444175
44,55,5717394633429626355
44,57,434797048408020344
44,56,4197685536172895794
45,56,-7082501588499079120
45,55,3583451322374048729
43,54,7870960322186557187
44,54,-7512463580205559119
45,54,-7145597419192066493
45,57,219643921019004688
43,58,-8052697493951730737
44,58,-4977904521784857015
42,59,-8396832886888022427
43,59,-8364002048176329649
44,59,-8208865481538721393
45,58,2739920305361045347
45,59,6149221337421579862
46,59,334297062210595735
46,58,761160026459097982
46,57,-6166523054995647655
44,60,-3536454756791791299
45,60,-7518961065210217539
46,60,3638056511268839983
47,58,3315695037403980492
47,59,-7038673127253719933
47,60,5478152040033203264
47,57,4940537556786730897
48,59,-1206830331135951898
48,58,-5818927232888184313
48,57,6553885620709369098
48,60,-7016350787039986054
49,59,4802804854593142081
49,58,-6317992424842101720
49,60,1566582892811634880
47,61,6095704974440273327
48,61,8666210957772495863
49,61,4782613276451824208
47,62,-4088194216976713931
48,62,-363460430861728664
49,62,8432530516861564061
46,61,1945080839373077220
46,62,202257032222407599
47,63,3413013410048807618
48,63,34664944721696051
49,63,2258951149925027386
50,62,536955667475940704
50,61,6565005506332471656
50,60,-4344674767122718591
50,63,7856845624356496732
51,62,-3491690763355551335
51,61,7014838594423168950
51,60,7860171779987820573
50,59,-6988105615120643078
51,59,-7953093725388738290
52,59,-8384861202295725472
52,61,2825342070217519471
52,60,5988161121186418750
53,60,1048831632130520724
53,59,9181334115039390171
53,61,-8195454476239479757
52,62,-3041281311597975754
53,62,6891428781308486365
51,63,-4735674756794272858
52,63,-17341256357864127
49,64,4542338812131500532
50,64,8926760645041715285
51,64,7728105438093211945
52,64,4287868809105647857
53,64,419519693503558224
53,63,-5200074581558144184
50,65,-9150645185060715326
51,65,-5243493607496609486
52,65,5357751302000578359
50,66,6678892508987495554
51,66,-7216594653772907742
52,66,-5326424104174676810
50,67,-5169329881060168556
51,67,-4792444215781245861
52,67,-1323620605164945097
50,68,-7638600334941860158
51,68,-8520275493644148473
52,68,2982255092811151727
49,68,5746190212389922136
49,67,-8301914648991658958
49,66,-325521393969458712
53,67,7350336516363312984
53,66,3969737707675302363
53,68,-4879650251423560265
54,66,8022111509636893290
54,67,-5859347874114319112
54,68,3880999831396989957
53,65,2686073321229315049
54,65,-5992679890041781244
55,67,-6200554570003302212
55,66,-8684142719781465458
55,68,5704476558315591913
56,68,-1176787820369500435
56,67,1327436415418855209
56,66,1633415886547143101
57,68,9207838632141880259
57,67,-8502430432001874986
57,66,-3995153691317534775
55,69,-5353330046624742586
56,69,-2921156782721694903
57,69,-6890720232585922506
58,69,7232227412226261523
58,68,-1993672848160180252
58,67,-2787702503969464874
56,70,-1574514455797050723
57,70,-3112276161584967336
58,70,4690544063927043194
56,71,-3788833029118085512
57,71,3827056076814513693
58,71,5377074176913076342
59,70,-301385614992130626
59,71,-6897009901321227181
59,69,6817205253276931109
57,72,1229763014014639247
58,72,9142635301298457228
59,72,-855915196799556592
60,71,7925939165814520447
60,70,-9080805461589889520
60,72,3597880871929042406
58,73,9148083936721313348
59,73,5299532104033800446
60,73,-9050815584825108423
58,74,-3041355380283422619
59,74,-135204004132176698
60,74,-5950925517157754741
77,43,-6102378619406039681
88,52,-365974818642884956
87,52,-6060813002547435788
89,52,5530879091486731826
90,52,-2360732016015234724
89,53,935258958778381830
90,53,4889805890091837408
94,55,-7502401427500523035
95,55,-1109701464362457768
95,54,4472927393442635620
96,56,5538058478672621927
96,55,-4647086323140595526
96,54,5280491246210905617
97,55,3317970787951511144
97,57,-3903329659054642080
97,56,-4354895164637019356
98,56,-5812082038461122515
98,55,-1710200361001533682
98,57,237503477893354638
98,54,2900569430467432185
97,54,-6759160638701728679
99,55,4308749567444651416
99,57,9094665732101099922
99,56,6036301672286533910
100,56,7795555323080803122
100,55,2284802274743553214
100,57,4153382992000397455
100,54,5393272764270706247
99,54,-9035121699013589905
101,55,7538799803657310021
101,54,5670104558748120917
101,56,-3119122780793399007
99,53,-5651463809649630463
101,53,7095049078527668603
100,53,5719139342756023228
102,54,9210801793222621336
102,55,-8068350256541978599
102,56,913608853011624547
102,53,-5861720991324343136
103,53,-677118470320462530
103,55,-6429802227934957879
103,54,8986933766808000992
103,56,-6895029456725672456
104,54,2010902574249089420
104,55,779708995897582883
104,56,-3364300395326827017
105,54,-9146103192687581450
105,55,6322237324796593618
105,56,-7545507872646134997
106,55,7919747040646425387
106,54,-7642974239223256135
106,56,3862589039540860484
104,53,-3768240894395164478
105,53,-7111683906072835077
106,53,3523446961278401115
104,57,4401930481485429969
105,57,8805452018935460718
106,57,-3308574994203786047
103,57,2934189881098168371
104,58,1988889054969356107
103,58,7612232561502943799
105,58,-4645496705489598766
106,58,5267026395325203073
107,57,1210874353558482833
107,56,675143414587117141
107,58,3530257728210133971
105,59,-3593901571057075641
106,59,-2740638765101911395
107,59,3011368174913902222
108,58,-7143616575626151523
108,57,-7427806346686514421
108,56,8298517104816279206
109,58,-4415059178527388617
109,57,4131842714041451196
109,56,-846082312538924251
108,59,-2433764613720341696
109,59,7168641961686754729
108,60,7774932125053092836
109,60,1397343215356945435
107,60,-1847912055918554580
110,59,7693515029207564702
110,60,4539848798191676817
110,58,1673018491771400132
110,57,192010454109183071
110,56,-5730079189885753963
108,55,-4981557582689398992
109,55,-199024770260665562
110,55,-3160747152792961777
107,55,1388524357395321737
109,54,-5634039022104672763
108,54,2912362941226170977
110,54,5593763633714978552
107,54,-8299643816179212166
108,53,3167714484577472776
109,53,-1220338822619812811
110,53,-4509282664836195565
108,52,4695699192280066347
109,52,5118996734602691564
110,52,719309682714406713
111,53,-5762142013130157841
111,54,-6293911745124188273
111,55,-7712247274306162593
111,56,303787347917707254
112,55,-16512505999557514
112,54,-6672108088085966583
112,56,-5548811337338266318
111,52,-7550162197757607271
112,53,-7901077454383337529
112,52,-2820217037485482569
110,51,-4566613232646793736
111,51,-2718754004940192447
112,51,-8129715745723025271
110,50,8746641459711020109
111,50,-954820272103840176
112,50,657789816161979046
113,50,6355744362301588901
113,52,5523180248313376510
113,51,8836157262550840744
114,51,-6303771806088947061
114,50,-7978141629991761055
114,52,7647929407022070650
112,49,-1949405504835690828
113,49,-6103695305597771105
114,49,-2860577874758090866
115,50,229387900025071437
115,49,-8912815580594973767
115,51,-588647063633524502
110,49,3270384761284230417
111,49,8612861549899231442
109,49,6410969589284881136
109,50,2902721002477328870
109,51,6235185639731502065
111,48,-3026366995981081865
109,48,-3198318863781753048
110,48,-7135730164791442049
108,49,-6175332884303689372
108,48,6894904395134201278
108,50,-6443212150920510339
108,47,7758983957667710497
110,47,-5042692820846274762
109,47,-7021914123211716527
109,46,1103200807750232500
108,46,4434942512680280444
110,46,-2686375686784316257
108,45,-5788583278514088793
109,45,9068154445545705224
110,45,-8215857575130761026
107,45,1164925816942359686
107,46,1824164642726829018
107,47,7506028138496868567
106,45,-3841495898894841189
106,47,2317739581795750256
106,46,-6255749996694397604
105,46,-7127749283492019689
105,45,-3457933562624182235
105,47,8236210267208060900
104,45,-2100428895006615686
104,47,-4500443628884545605
104,46,3310776752058781968
103,45,-838402151530723876
103,46,324095267902223688
103,47,-415968832245626514
103,44,-6708601365996328768
104,44,-909571181266169510
105,44,-7816174422284436063
103,43,-3140788661957028568
104,43,2366305408756862806
105,43,-185193338821435605
102,43,-7635899107903006293
102,44,-4883898479091742613
102,45,4915694508690156106
103,42,5208437226606174919
104,42,-4587110332053231730
102,42,-6228899877522661148
101,42,267627277655212835
101,44,6970224380373516045
101,43,7596327216728684834
101,45,3078389885699593438
101,41,8075127954147501118
102,41,-1830022811371266824
103,41,-3669544800702572406
100,43,6551475826050408735
100,41,2047052219209680693
100,42,-2035884431161661490
101,40,3240755092504421318
100,40,4638737003364145302
102,40,-1469041063879735825
99,40,1436353010439914046
99,41,-5519188729024613521
99,42,-7677144629419359581
100,39,-1273764370529430371
101,39,6446666193136302570
99,39,4896695382250881573
102,39,1901864092524960881
99,38,6578565228362496545
101,38,-3551756057998281985
100,38,6399299691107022762
102,38,-7432389897339912944
100,37,-4247249969112215295
101,37,-1420807592389284562
102,37,-4817254903878477880
103,38,4647836138048627045
103,37,-6613987715063924185
103,39,6677930801171577508
101,36,1495502329798852736
103,36,-8674228056786720133
102,36,8657187110566160604
101,35,-3093990729781837675
102,35,-7207603402117141960
103,35,1239089926030641891
104,35,1647152128185736643
104,36,965561522679600234
104,37,8520672812969969617
102,34,-2346665141460381644
103,34,-4830550766711497328
104,34,6608176244914610909
101,34,989794727313771295
100,34,2842458953040599951
100,35,3150713056763146316
100,36,1334807765575062224
99,34,-8364682578023678556
99,36,5088613504506331805
99,35,-5834192941660436798
99,37,-1463912118856998342
98,35,-5949633677012629420
98,36,388452776847242546
98,37,-4270784451227099162
98,34,-7397483129065858564
98,33,7927151394668101560
100,33,8340565016647967684
99,33,2940504310312831332
97,33,-5235458939753407965
97,34,-9202674207911857516
97,35,5694210434114938129
96,33,4366237124830970865
96,34,1356239862903792682
96,35,3464690062908069167
95,33,-6540695896031280187
95,34,5672395147003691198
95,35,-1946330015991132314
96,36,-2741568991708871512
95,36,-2265552128794482802
97,36,-7029432350371402155
94,34,-5820728548877061235
94,35,6097168091349284114
94,36,-6204985475307832855
96,37,-290488129175923658
95,37,5342276099058688857
94,37,4658591097070807777
95,38,5755125943461115450
94,38,-2513878259946351843
96,38,-5579377216463004058
93,38,-8938065923990027682
93,37,9032555685574690300
92,38,-7226695923042821628
92,39,-6902878813315348007
92,40,7888001786969395907
92,37,6690675103918206527
92,36,5308862700139923223
93,36,-8567732874194911176
93,35,3373284532851079305
92,35,8377382509651717028
91,34,-1667852998715187929
92,34,1998800028696185578
89,33,-3814433973296235279
90,33,485063876816926458
91,33,-3662826115120364047
88,33,-4240122733782585678
87,33,8929343766346758763
87,32,-3473132179801082669
88,32,-8357985346309544769
89,32,-7524508247697442539
86,32,3175959281051746336
86,33,-5375915834990406976
86,34,4665185143022605021
85,33,469723747757478276
85,34,4640376064771975986
85,32,-2407017540808769202
85,31,-417896005668867438
86,31,3951271945599419542
87,31,4805204734917160496
85,30,-6862269566755753886
87,30,-3883234328989699284
86,30,-1756686470371603530
84,30,-7750708133842296583
84,31,-2570141967424793973
84,32,977153263292177793
83,30,7735131064762600442
83,31,-2477406750728841855
83,32,-5078628955999331182
84,33,-4049933553985430413
83,33,2749964020421026409
82,31,-3154556015793332641
83,34,-3141047264151348708
84,34,468223152010897153
79,36,-8675316226286882921
78,34,2328535761050550946
78,35,-2467265041475093259
78,36,1730776932594931657
79,37,-2671305529191559247
78,37,3110925340123861996
79,38,179310644969626240
78,38,6080714237463468458
77,36,-6206211657342650908
77,37,-2089595861957126712
77,35,-4084144492626885148
76,36,2824334573695057375
76,37,-3933785513130344288
76,35,205542095207100854
77,34,4065105449086117855
76,33,-3131300568647087439
76,34,-7929881369904934895
75,32,-7263329971528768424
75,33,-4842295674722034739
75,34,-1454311420177004528
75,35,-2530369693770222658
74,33,2484924783919695985
74,34,4537741881481938551
74,35,4340926742284481785
75,36,4918738211388585244
74,36,8651202018711963790
75,37,7106997154992916356
74,37,6877148146548458221
74,38,-293825550727122746
88,59,5400985914439602684
87,60,3209330076639308012
88,60,4907392635997521158
87,61,5681042419400546620
88,61,7299791618478815468
89,60,3781909670792436749
89,61,9203745812877837651
89,59,-8312871961878238740
88,62,1635901077158622279
89,62,-552578795794898113
90,60,5014563291362035956
90,61,7089013043921169553
90,62,9200758409306592078
89,63,-6628757153879575366
88,63,8767870108018788988
90,63,-3497626258148085632
91,61,6603666673554503689
91,62,-2312244867673270968
91,63,-5649984740729506035
90,64,6108963270275766887
89,64,5885115210088560566
91,64,-3059449857651221279
89,65,2186275749732177115
90,65,-3716185063391760504
91,65,-6914406225927510960
89,66,-2006757396411386682
91,66,5166665006508483940
90,66,7754519917741545470
88,64,3671499191138334103
88,65,1148148467142262257
90,67,2285345509238945476
91,67,-8686321462941709242
90,68,-188415361711902021
92,66,4669777112687009767
92,67,5478399388487629808
93,67,6812962208736303338
93,66,2299033592584481540
92,65,5465842036484892208
93,65,6980567326976937451
92,64,1956211208968602094
93,64,7862262562558555912
94,64,4608698618296052453
94,65,-3520159578004678042
94,66,-4188135308665761758
94,67,-4628760735243270143
95,67,4835832503519739491
97,67,6227242122621982052
96,67,3909305616258558331
98,67,-2811557314216001468
96,68,715684166525390414
97,68,-9199873173961713544
98,68,-2504508060642480995
96,69,6530835704963039463
97,69,1051491367219745618
98,69,-413993197969838355
99,67,-666485125277994182
99,68,6830186002107773490
99,69,-2303632514439765026
100,69,3980130714610353302
100,68,8414407320967539602
100,67,-8504118001387353065
98,70,-2197622700856082738
100,70,3815143987209212861
99,70,-5691464647633845755
98,71,6485460029239894247
99,71,-161568325732077283
100,71,6203011332073821340
97,70,-9138452264423665439
97,71,-4384855903835487650
97,72,-311476276278302139
98,72,-6733998526635251920
99,72,2314408874564612424
96,70,-7424161265798139389
96,71,-2502416431330396013
96,72,6390211825472351143
96,73,2005825254767340193
97,73,-9027533247466561961
98,73,8071365590586906254
99,73,-813560643528634462
100,73,-1118674303350003240
100,72,-6383187743404005149
98,74,-5970801885409949111
99,74,5584624764285040894
97,74,8731603655338380052
96,74,-2122531280167301387
96,75,-5392439663659493034
97,75,2001400311489869377
98,75,893125322664583710
95,75,5882647287342788781
95,74,-340454909089429896
95,73,1832825916989371386
95,76,-7759772647166679252
96,76,-8285090260840721784
97,76,5464443798178659510
98,76,186909603590626674
96,77,3654235841218448747
97,77,-8271324141053354141
98,77,1821224602473322078
96,78,-3119740607831650190
97,78,6997169814498005444
98,78,232892956404374796
95,77,5345176581983372362
95,78,-4463898151791441222
94,77,2978117101962796868
94,78,-4601298606108303771
94,76,8337875144055825807
93,78,3681305692476749864
93,76,-2764251980683415923
93,77,-3351504689360993958
93,75,5029757246312768631
94,75,-5341759806197442829
92,75,-5948200721304766751
93,74,4545933889521374989
92,74,-2911459857641243200
94,74,5429842041096452513
92,73,330892017026962512
93,73,-3263967644005594760
93,72,-6684326142888947330
93,79,-4359307566952923857
94,79,-1094992844175338822
94,80,6204054275033137411
95,79,-7159413545720494754
95,80,-8199636147384998557
94,81,46556908071669621
95,81,-7612860712502070219
94,82,-920703712247312797
94,83,8048753627721176705
93,84,-7896765871550742694
92,85,-2174104791066281554
90,85,796784109694813225
91,85,1529048945076671369
89,86,-5601995045292193427
90,86,7166931745695003752
85,87,5000862829616070300
86,87,-6585803154681912872
85,88,-2176730456943116241
84,88,-9004185180759167437
86,88,1111366962295191127
84,89,4591882621510017594
85,89,1084440921957144793
86,89,431233381865736258
87,88,4779618445274318505
87,87,-321247918731389070
87,89,7922469483707086539
85,90,-6223276983030343459
87,90,-6088254222848756067
86,90,6682439740946579900
84,90,3125811084614391783
83,88,-7308614495410111231
83,89,291465701527054188
83,90,8231563558025454608
82,88,-661169577349938212
82,89,8606477055869945965
82,90,-6934391301161263689
81,88,-1277270853617500630
81,89,7036306434115558933
81,90,-3327844073114418158
80,88,-4192255545396387170
80,89,-5666580788502113442
80,90,5040341939472194888
80,87,187498200193920018
79,88,-3691864083258551246
79,89,-4848871258483659800
79,90,1083025930289333001
80,91,-394474338424507512
79,91,8384885399645746095
81,91,-389655496266278466
79,92,-8562175091539963374
80,92,-153340387959181447
81,92,6030060603707241240
78,90,4638084381289603597
78,91,-8695672486574428253
78,92,-4711441941761049349
78,93,-8286656953573383957
80,93,-5234918210580304970
79,93,996873321024331867
77,91,-3846304503172423819
77,92,934323240830198700
77,93,-1035659958421196561
76,91,-7785886895965944376
76,92,1133803642168013911
76,93,-4264227909049370396
76,90,1807042654492748097
77,90,3130319687347050832
76,89,2522869024274810074
77,89,-5884618890505434987
78,89,-2015007554528282427
75,89,-1121445278399339490
75,90,-6332817296902512134
75,91,1191519510500946153
76,88,-6318727917341622960
77,88,5847794381169027026
78,88,-4721895175240573393
77,87,1997842773576193667
78,87,7165497785131896786
79,87,4963152973241653399
77,86,-5228566782283972000
79,86,2154775953890812726
78,86,-131182005621294537
76,86,7568982475888683438
76,87,258570895580938714
76,85,-1917616137417681309
78,85,5901326187613823001
77,85,3558419171926810923
75,86,-5722487731559636773
75,87,4123667177910396162
75,88,1403468800106557226
74,87,5040074907728675791
74,89,6807016343005979369
74,88,-1745142464163415852
74,90,8907743131391425502
73,88,2153859574853258070
73,90,773729445026543236
73,89,1100656908768371037
74,91,-7457287511597132906
73,91,-4537614671748403368
75,92,1926305880214455517
74,92,6359842248590371698
74,93,-7825820651809049894
75,93,408492258475519122
75,94,-2258872736757968333
74,94,-3182044642553991275
76,94,887664704132892135
74,95,-4495726657705387731
75,95,-8253848737068112863
76,95,8332286180785507988
73,94,5422869608715974028
73,95,-8905010859151199203
73,93,-7479995891641239436
73,96,2244938856728280585
75,96,8575804352542528953
74,96,86604609349048454
92,47,4528266884183136143
93,46,-2274489346481753282
93,47,8690331149113717908
93,42,-3269328551915170052
94,47,8443237712372754601
99,51,-1074868150179180290
79,58,4142860892483248356
78,57,-5765399187115431837
79,59,-4799105261502784539
79,61,5584914843298836060
79,62,1379702449339039667
77,57,7093346984794583017
77,56,8995046878889459114
77,58,5803489417092082455
78,58,-6332360548381555468
76,57,3087001589837429870
76,58,6062140280143701520
76,59,-3676067697330026602
77,59,6233382903865370989
78,59,6697686580235977568
75,58,35219150731148013
75,57,-8241466857592619366
74,57,-8428282056072870480
74,58,5645746547828634251
73,56,-118955284924748281
73,57,5008907271739484328
73,58,92264436911201821
72,56,6478450942850560036
72,57,-2587351365055621581
71,56,3434948226826561814
71,57,3213762301633409001
70,55,8793267456468971177
70,56,8225210171685589321
70,57,6221501328369724671
69,55,3865016522336918650
69,56,8838148812100977484
69,57,-2601500399845937941
68,55,-6604755312517562065
68,57,-620426689402949955
68,56,-992976151577522965
69,58,7275261054563559226
68,58,-7490576508294703892
70,58,188828578593818583
68,59,4636497297582272956
69,59,1802321671515731293
70,59,1983320715463120231
67,57,6699942359813551009
67,58,2033396350310481302
67,59,-563181759140409438
67,56,-7429708582259484274
66,58,-3234840040198993439
66,59,2030066540293494719
66,57,2623530319906011882
66,56,6770207630489147803
65,58,4864374730773866644
65,56,-4999443249914806808
65,57,-747935479663583098
65,59,1008188772595982533
64,59,8359290597313708332
64,57,7515076325488773838
64,58,-1059653872197917779
64,56,8292861059630977679
63,56,-1051472423018707006
63,58,-9091458773576989858
63,57,-2479077757356104566
62,56,9174767545997372686
62,57,985239792487256982
62,58,4279912397624914773
62,55,-8195242387693311454
63,55,-2569896448197997181
64,55,-5972514645621973022
76,44,2647627203090888949
76,46,1413994271410069795
76,45,-1501459326945878688
75,44,-2369986073020506285
75,45,7800319053997314565
75,46,-6419428855746408263
74,44,-2436913710616102872
74,45,2789826186368111550
74,46,-8130476963433822025
75,47,6712882558870300616
74,47,3075453048783725004
76,47,-3106103975937708951
73,45,-7643456685462082203
73,46,-7876925212179702663
73,47,-7913345851344307897
73,44,-3377626124906924092
72,44,7346697695697620787
72,45,-6162342695659961945
72,46,4426687539402962874
71,44,5134203732033461990
70,44,-8055592313120926712
67,39,-3311141678865747664
66,40,-6595911020176946913
66,41,-3747508383392162584
65,40,-8240013475472055758
65,41,5350430571772559419
65,42,-8713508870452419667
66,39,4712667551156893550
65,39,1399810435053128470
67,38,4065729185127420087
66,38,-7791449506851151895
68,37,-1326244959993306237
67,37,-7581714685003092199
66,37,8628350747632745719
67,36,-5117681020608173006
66,36,-555066067993665076
68,36,-7522440094989850189
65,36,2769849771236394868
65,37,4356515646853519547
65,38,-7798564556347985182
65,35,-2371549813949925925
67,35,-5950500247159589205
66,35,7134515746821859316
66,34,-6954273257746267163
65,34,-5429706113760572742
67,34,1031464465721532731
64,34,1166350493944898790
64,35,5284871620431094524
64,36,1141551569824418771
64,37,5405455661038670130
63,35,-6316534540477641843
63,36,-1371145796880877883
63,37,-5045482603114513422
63,34,-724040721450358814
101,57,-8531676596806023535
102,57,-7121402640030643186
107,53,1768838150309435277
107,52,-1814864717630660065
108,51,8089220825864814722
107,51,-962678770155794941
107,50,8092037280169825454
106,52,-5778871827161519787
106,51,6402664512534150541
106,50,-1531712236251648389
105,51,6684531232896536181
105,50,2301865247256733723
105,52,-2878832314044144421
105,49,5805843305764589922
107,49,5367775257096450264
106,49,-5060864220301237972
105,48,757072707427171434
106,48,6860536444887563410
107,48,4434188639386838317
104,48,-3086132348779187581
104,49,-217216449756162090
103,48,-5709777473076155642
102,46,534601835344938023
102,48,8508836689276611338
102,47,6131125783521987169
103,49,-9181077790513280179
102,49,-5258325509214480150
101,47,-7171272194234531484
101,48,7345279573136782210
101,49,-1823864463026252300
100,49,8577089466419943610
101,46,418487374284457525
100,50,8168834980910892839
100,45,7136994338536063485
98,44,7919040961587352196
99,44,-6535570733097617319
99,43,3015796658975023505
98,43,3073757396879683016
100,44,5104165327948642565
98,42,2289089626195205191
98,41,-8378784199574980005
98,40,4029245366089382081
97,39,5938344262269782316
98,39,-7757569706230419263
97,38,-3680781087619608395
98,38,7990017804547905438
97,37,7923767319517764654
92,50,-6320866316430734172
92,49,-265962845639530423
92,48,-7110883954794371415
93,48,-1221941462700423424
93,49,-7053919246246303942
94,48,-8632604274204968055
75,51,1984165974767515382
75,50,-6515850717109286701
76,50,-5262176582933082735
73,33,4576791190479696167
73,34,-641602146549019704
73,35,-7941279375575643672
73,36,-6997484061492850945
72,34,-6731682409507820154
72,35,4449557646064711227
72,36,-8677539509700976300
71,34,8588579584173676875
71,35,5501554468747458026
71,36,6802500706651717947
72,33,67946578636983639
71,33,-980826086671107934
70,33,8106003825827511704
70,34,8816216158888428731
70,35,-4039984631813428467
69,33,825634082549554250
69,34,1970808399319068154
69,35,1476246096480970167
70,36,556094627816417252
69,36,-1606731761187742390
70,37,-7550456538473975718
69,37,-688711354226003674
71,37,8037114021814412057
68,35,-4785099797638228352
68,34,-4117326732726753686
68,33,97985311576665866
67,33,-7832986082002646482
66,33,-198661659510192659
65,33,8683618910243643944
62,34,5872353832596231899
62,35,-639457799268103542
62,36,7841406597496827193
62,37,-318056015894766103
63,38,-5690283465228991498
62,38,-544868533325872248
64,38,-8830044856968853846
61,36,8789563641565166896
61,37,1482060071444962441
61,38,9043540157615775577
63,39,2180305682357203549
62,39,2298857612944847422
64,39,3211087044565144379
61,39,-6089824790471533717
63,40,5093133083311452136
62,40,-837706375406866530
61,40,4231850025838487576
63,41,-9062004819231330954
62,41,-7445146576872171615
61,41,-3372767956822733584
64,40,-6229566901521374646
64,41,126253598233699033
64,42,6884216997673331173
63,42,-6772919818163602421
62,42,-8038521719749753927
60,41,973722823938536024
59,41,-4229822944377750228
58,41,-4297804930915672287
59,40,-4336130103967575350
60,40,4543236096804146588
77,60,1823642048095050354
78,60,7040806143874015168
79,60,-4625014914903512237
77,61,-6405216818660585506
78,61,5472186782236866836
77,62,4807173867005151327
78,62,5611929787358054991
76,60,2449645528442553359
76,61,-3275445106984040515
76,62,5816564223304524405
75,62,-6607479958594301229
75,61,907493598168239678
75,60,-1481701473528051716
75,63,8201054407849371109
76,63,-6265770374444440839
77,63,555131297417965431
75,64,-3387717495068832178
76,64,3572565964166018258
77,64,-1295491542752813088
78,63,1858205279330192579
78,64,8185892140994494525
76,65,-2848511522153159687
77,65,1246958480440924068
78,65,-6514447934582228166
75,65,-2925693763799109011
74,63,-9078445690506971714
74,64,4312066255619546560
74,65,-3505533222059766105
73,65,-6709205023871086855
73,64,-8928138656033067224
73,63,-4218355302443244274
86,71,-8845619888172980416
79,74,-6608492313598947048
79,73,1535132174568253544
78,73,-5854431442357085435
78,72,1050283160848494599
78,71,-925706610384712386
78,70,-7815897803826700663
78,69,-8562414219888106801
77,69,-5787260349454113308
77,70,-4975781564142351005
77,71,3297191177521385063
77,68,-4578127435444499269
78,68,3354599122982284628
76,68,8005878825092740359
76,69,-1125486401403806225
76,70,-7272138636837988101
76,67,94569392734788715
77,67,5338098430710591260
78,67,-8709455618353955333
75,67,-4505761978078217301
75,68,3268982088061564810
75,69,-1526477093142704585
75,66,-8919664995832332649
76,66,3652766304975179319
77,66,-8140698873400662855
74,67,5698622276871396448
74,68,1460294381051995764
74,69,7148281284489362349
78,66,5889474051095862638
74,66,-5390055107883716890
75,70,8544659121885065949
74,70,7251312855590691504
73,70,3051582831890724375
73,68,-4560213361489751864
73,69,2268032306767203017
73,71,9155688726801280355
74,71,-4265710434997192552
75,71,1176927491285810109
72,69,4441661321456506372
72,70,7508760670052583159
72,71,-3638758222408561367
71,69,-7580004955626624221
71,70,5643941350487177855
71,71,8648782712806901773
71,68,4757674458587097912
72,68,-3966970780272426250
71,67,-2698041987511556978
73,67,8315791162625012442
72,67,737943439137928925
70,67,-3765714542064160663
70,68,-1868935402867036544
70,69,-1657399126756514244
71,66,-1215419892434998132
72,66,5056072181212235344
70,66,-3639207323366102222
73,66,5004564155651047066
71,65,-6623983304554972940
72,65,-2641955080438341606
72,64,8294735729839336842
71,64,-2330185092229223218
70,64,6884063046013198503
70,65,-904921591941801013
69,64,-4197846545623904003
69,65,4238745143039896789
69,66,-3884094330758938732
69,63,-5487442227029314763
70,63,2778484079903817118
71,63,-8715925024150994732
68,63,5872060458464011980
68,64,651639073221860999
68,65,5029822363315735140
68,66,-1767237019099448023
67,65,8848936500302961393
67,64,5264836689351160379
67,66,5923976388020080438
67,63,-3540953865848630783
67,62,7521197824916154740
68,62,4287680805264132428
69,62,6089601187446371975
70,62,-3192026632960400709
69,61,-3567718816179222751
68,61,1827003164333610083
67,61,8957742696543043092
66,62,-1556116088876172409
66,63,-7876054261715712334
66,61,8485507648809775660
66,64,8872383927245405278
66,65,734134566835714638
65,63,5006236578354634367
65,64,8581279302875545922
65,65,-1238040318530306247
64,63,6392037542564114318
64,64,6477307738498069568
64,65,-7875055638925822621
63,63,7214602647816403386
63,65,-9192579610458698296
63,64,49859618030270974
62,63,8345505349984553037
62,64,-7306781277942618085
62,65,-687478537568009212
62,66,8351506695278194188
63,66,-9176557398160907801
64,66,3538628508153235581
61,64,-8002507676988037906
61,65,-2838632276355414004
61,66,393188713172439491
62,67,3197126761536049869
63,67,-879002238894293604
64,67,3867922374160283025
61,67,-4111439431462103408
60,65,-6287716969231837914
60,66,6822724810200490206
60,67,1315658141024678244
60,68,8155076345515609402
62,68,231799655846580826
61,68,4373791149614515607
61,69,-7363804219472711356
60,69,-8178680290850455056
62,69,-1834685008517911733
62,70,-1853889037800714857
61,70,-2572567716787938150
63,69,8608739270552522274
63,68,6706714407286853498
63,70,2513345832650829413
62,71,-6221388659740014887
61,71,4948023865813982804
63,71,-823645442377703351
62,72,-6870489694441701703
61,72,1349191172710126093
61,73,-569614403924579429
62,73,-7119863683018008622
61,74,4988226644467005361
57,73,-2659398997752683107
57,74,-604288108295417627
57,75,-1221710323001524992
59,75,3604667106586583516
58,75,1223914661730298768
60,75,-3744255401446009720
56,73,-5530569143400558444
56,74,-5195846445978662249
56,75,8930520069149115817
55,73,6917896174816189187
55,74,3285639417034462874
55,75,-6960755617919655169
56,76,-8300936151261234039
55,76,-28683936538640178
57,76,-3261641051797379091
58,76,-3399577652126286698
57,77,7534283596941589011
56,77,757207176129913450
58,77,-1928762537452820075
56,78,4625173340387850088
58,78,-8001727003320528351
57,78,-5830304543277419992
57,79,-8117327031649182265
56,79,5872456057079450821
58,79,-2751697332556309772
56,80,-4170652367641085202
58,80,-8098222710369707920
57,80,-6389134074301281185
62,33,-5798167164749580370
63,33,6632878770354559080
64,33,8921516595375846585
63,32,-8731987513045817853
62,32,1491071687932641417
64,32,3023397938392354242
61,32,2478697687379801090
61,33,7827842842781915136
61,34,2433701605859082217
62,31,-552659591403052908
63,31,3344458895346543409
64,31,-8308208025187366884
64,30,8362820867554672152
63,30,-1254619416971605195
62,30,-6792471108730230889
65,30,-349354691020076280
65,31,-1770645688820691616
65,32,4106422348622823296
61,31,-986467085242705726
61,30,6476829963496946943
60,30,-8155890240856361237
60,31,7427456550119960209
60,32,3115176658890295734
61,35,-161952737366075450
60,33,-7340966906878301021
60,34,2681118527734580397
59,32,5677087870836627832
59,33,-8678157375239888108
59,34,5752493828905104506
58,32,6584670790688955157
58,33,-8421604450380905570
58,34,-6014665941118735076
59,31,6084489667744359676
59,30,7873030595839024799
58,30,-2002443477196448267
58,31,-7926658380985848048
58,29,7688952477100795278
60,29,-2155130059156150465
59,29,-30220230315289102
61,29,5252690266973408051
62,29,5438408077364598812
66,30,-6296639080962660708
66,31,-6491352323431451807
66,32,-6702433784258134303
63,29,82996279058354791
65,29,-6743537913177406337
64,29,4220008489930157060
66,29,-4288190823643200517
67,29,6747937769431336034
67,30,-826142572663466135
67,31,-4106128968009598343
67,32,-2270318271177983819
68,32,5824830115466569528
69,32,-481056619248870476
68,31,-2205443448160346269
69,31,-7277172820531594861
69,30,-2793171967452167126
68,30,9119719584676145234
70,31,5007871226049085809
70,30,-1948439155381240411
70,32,4208037203564352323
69,29,3164678151480124521
68,29,-5482533278452067079
70,29,1715358290367421627
69,28,6485458756522521419
68,28,169460539446483914
67,28,-2148417297826124660
69,27,-4141939085503361420
68,27,-9219278797939686030
67,27,6962006277888713575
70,27,3919765314782366080
70,28,6956824307130791473
71,28,95443834249421240
71,27,-4593611403848722477
71,29,7193526675413529633
72,27,2680751649073441256
72,28,2384324648104934119
70,26,-1531349634547325225
71,26,8797190058603892206
72,26,-6505582514620359826
70,25,5525382207410627751
71,25,-3502525739414351431
72,25,1270894496148273017
73,25,1653015140672156752
74,25,-3665876836099743754
75,25,368743350000729091
76,25,8621652231767253657
74,29,7290176622196620261
78,26,-4435557983894849941
77,25,7627411143691641504
78,25,-4668644777998318922
76,24,4507586775745950354
77,24,-8350597824003707623
78,24,-8492100113512802665
75,24,-3504851136025977006
76,49,4659375514913717982
76,48,-1940792814582132844
75,48,-579696080565860625
75,49,2387964278735414883
100,51,3100480787620089442
93,34,-2972420934518118574
93,33,3636928017656775146
94,33,7954325765113204117
94,32,-6303573190037930844
95,32,9093607695286476193
96,32,8416119893595745022
93,32,-2457946424721241788
92,32,2331859805052613750
92,33,-1583739994454061075
91,32,8876630681213851858
90,32,2428426792073424519
91,31,-496164838539429693
92,31,5632612159836497818
90,31,1880422728668490202
93,31,-2048760351432555822
89,31,-959089698663155038
88,31,5902277429396860296
88,30,7069779517499014282
86,29,3230609412001641285
87,29,-3170689312638832655
88,29,7764096489622381232
85,29,2802555531350296897
84,29,-3729216475872916640
83,29,4099457235008403041
82,29,-1196159173130462476
82,30,2777692123809258921
82,28,-4053509215514075394
83,28,7165557391598976021
84,28,-4172207446773548361
81,28,3095265988550209912
81,29,9062590421499179821
81,30,4585962664744618880
80,28,670038691325120273
80,29,363472394951271846
80,30,-6041031255944868463
86,78,7220067831692495201
85,78,-2536966372825604603
75,59,-6851915284094952054
72,58,1100902736996764764
71,58,6559262698364664832
77,42,4414993427434231852
62,46,6620833279799777743
46,43,-6978832254557467252
46,42,6595113684823950467
45,42,-5133752736283247321
45,43,-8656175104025387605
45,44,-33762207829489084
45,41,7189899462779840920
47,41,-6503546974005113758
46,41,6184987901606604925
45,40,-9058496331660748917
46,40,-5981749883230672907
47,40,-51341141040165866
44,40,7376649416330091043
44,41,1460813908787630627
44,42,2693125599785872885
44,43,-7360379777811555573
43,41,6236037378195953223
43,42,-2524748782490192529
43,43,-6474680509909511616
42,41,8634700551269249877
42,42,4306227127873212432
42,43,4607160564845897253
42,40,143589234043088823
43,40,4043611594419302660
41,40,-3730036992259006049
41,41,1938290419472310746
41,42,-8309258426240259393
41,39,7024352681990798335
43,39,-5995553266612647254
42,39,1514642926427447691
44,39,-2459873022668956633
44,38,2881885912176503459
43,38,-6717225032699634234
42,38,-8455752979546355197
43,37,6364159069821065709
42,37,-3301717194537119389
44,37,-3494779000223263313
41,37,-2482662758043992951
41,38,8205869780955665179
40,37,-3441685571796874309
40,38,-6331311190529761315
40,39,-6517048835791934999
40,36,-8979389839444422068
41,36,3703396468871758118
42,36,-764573533525775656
39,36,3145128558539459871
39,37,-2354039992479325861
39,38,4919996730692532065
39,35,-4679095726965242310
40,35,6689596632158288142
41,35,-4728838159687282739
41,34,7778790881322580351
40,34,2487479944322013191
39,34,-2669293037084092882
42,34,4502903135241040540
42,35,-3626876101611097652
43,34,2534845180356972151
43,35,-5224271462521620861
43,36,-8764520945204145728
44,34,-526534294757322204
44,35,9043101526648126452
44,36,1660057184945441543
44,33,5917719205522766292
43,33,-6866288709500041373
42,33,6470065834501474772
45,33,-3906655651391337652
45,34,4193929729058298557
45,35,8636762070440480913
44,32,5773219293706554138
43,32,-938429582830677361
42,32,2645868466736429884
42,31,2599747159934664960
44,31,6844803243100807092
43,31,6937600383483129806
43,30,-5198532151180337058
42,30,-2708786594323590903
44,30,7539769564143987443
41,30,1388376049779265231
41,31,-516290646512996774
41,32,-5000199505945981001
40,30,4819881565183521630
40,31,5188945527134099317
40,32,2040844056950378337
41,33,180933743437474254
40,33,-5756659512521859757
39,31,-7735460967620731453
39,32,-3704252569461005167
39,33,-4352022801593982679
39,30,2480896128030204313
38,31,7205315741875795317
38,32,5079077835566146374
38,33,2317857520714486989
37,31,5552807233681060481
37,32,1158068605580380664
37,33,6103089408923962985
36,33,-854147032618269155
36,31,-1267398953515283769
36,32,1949827050218948362
37,34,7250972725999746054
38,34,6575192617035162098
36,34,1492685869655263722
35,32,1974471385305979803
35,33,-9004925801956125735
35,34,6559020539139020862
34,32,7763632599535511240
34,33,-4209758441836040232
34,34,3609178962125265249
33,32,6784530704332747973
33,33,2154794872129070111
33,34,6272000913085762278
34,31,3842547729838843546
35,31,-6885380492921436677
33,31,8675507463589372570
32,31,3739218460437668561
32,32,4520993861032094726
32,33,1999699587467451408
32,30,3588612587859365329
33,30,3135201705777517888
34,30,-2336026704857552804
31,30,-2319473335328187783
31,31,8495447231300052142
31,32,-6173280377429640086
31,29,3145138963705188309
32,29,-3330837920077364998
33,29,6106804035530205438
30,29,-6358724864333971957
30,30,-5663655198439347131
30,31,4979528320838504162
33,28,4550195491941358960
32,28,275587987852265099
31,28,-4298444164128937513
30,28,6823311183592388009
30,27,7001460535185717502
32,27,-755740679769095898
31,27,2431082201481489971
29,27,-1345949855505169085
29,28,8021598429165755616
29,29,7486420296095470213
30,26,-7631083694097990369
32,26,1237672955731060474
31,26,-8298121574531408986
33,27,4335090178949890904
33,26,5468840457589881906
34,27,414299795284002962
34,28,-1384338773518604528
34,26,2610537957027111791
32,25,3040811591253454764
34,25,-7961469972290450790
33,25,7292943025114524862
35,25,7723171613021410981
35,26,8521517013822949181
35,27,6963999900077857934
36,25,-3777965469383412669
36,26,-4307086862162395721
36,27,-6032179422187464895
36,28,-2357655628052776746
35,28,6551438558643925118
37,26,-7934643731264162505
37,27,9014909090906052938
37,28,-3073682332202081067
37,25,1360759931014796702
38,25,-3326971372721178269
38,26,9103387436881855120
38,27,3657974290755953526
38,28,-7269577735435532402
39,26,2764481659931856522
39,27,-566150449603205123
39,28,6824612201983342986
39,25,697426015197407490
38,24,7295924530910805534
37,24,-9144427669851478517
36,24,-5319861134148554552
39,24,3911964740363521950
37,23,-6937570048096857587
38,23,5229255989887880002
39,23,-7712421580991183668
36,23,5794444834687085235
37,22,-1773749884908504308
38,22,-3183542369330112105
39,22,-7829664409450354168
37,21,2162498365750672280
38,21,-3514217254356835797
39,21,-8424206748383452742
37,20,596838674492384346
39,20,-4094909446411356726
38,20,-1797426314698600845
40,20,-1133777241063302725
40,21,9098624848437159148
40,22,3698756384908581832
38,19,-7413506878390995352
40,19,-5242433684376385244
39,19,-8650519945150861342
41,19,8301621081830349886
41,20,-527983011457140550
41,21,-2925057725872617693
41,18,-7490446931049287935
40,18,-2737001176777603757
39,18,7378664054710392942
42,18,-7515558276974498155
42,19,3492725722489520774
42,20,6902499959883073552
41,17,-1224560534971065640
40,17,-468841706309753957
42,17,1538816541917498493
40,16,2751625270706325454
42,16,622287610456300218
41,16,-1045975072626091165
43,16,-8566751923476098308
43,17,-5021075285215207780
43,18,1099701558295079161
43,19,-3218059201384571768
41,15,6433962769860106344
43,15,-3783296721920675011
42,15,-1884498714582791109
44,15,-5885084311768084089
44,16,868964436622915877
44,17,2892891537620786032
42,14,-194176545891032443
43,14,8139289818099659551
44,14,-4802064183312183778
41,14,-7559006863153836088
45,14,9150197937462981690
45,15,-8203599374851578439
45,16,2238572718144060531
44,13,-1478509871224063662
43,13,898351167987005321
45,13,-1657115772326071996
42,13,2091101737575312648
46,13,8568887443239976
46,14,-4622989252427109161
46,15,-18494952769321136
47,13,-5599134671838942793
47,14,2873322875302824415
47,15,5154034021056524313
46,16,-7515102294791376587
47,16,-260206920333276830
46,17,8761931585228431307
45,17,-2695451435420240080
47,17,5356619429805919069
48,15,-2513596591569566096
48,16,-49388045546556460
48,17,-3080653697435727637
49,15,-5602990773124952555
49,16,-2624940177078553236
49,17,5656099571996196146
50,15,4815339803470697628
50,16,6762380371683851225
50,17,-8908533065225612111
50,18,-7447505748482819129
49,18,-7187504442759870485
48,18,4525816637962250329
51,16,-4309489598590314849
51,17,8566246380085023480
51,18,-576225882324584255
51,15,-6903819017118179167
49,14,9185907958588433239
51,14,3433867343843500842
50,14,-8308134085459222815
49,13,-5893386955047495855
50,13,-2012910967011322811
51,13,-9174091118580133986
48,13,5224545417733075226
48,14,-3637272669239649406
47,12,4155364326385255452
49,12,1538806812437201727
48,12,8032307737648958522
47,11,5113116661092729544
49,11,-7260518782216904998
48,11,6990960645036692198
50,11,2767260790930369627
50,12,-2089553445189505497
50,10,1125555148468225953
49,10,994722886707415785
48,10,-428231074639111249
47,10,8114144199010035722
46,11,-1041382696189138066
46,10,7703502964813439766
46,12,6143454812038735938
45,10,2581931827061213353
45,11,673135313538221798
45,12,-1635823319718862288
44,11,2348638389428385242
44,12,7855644730387621891
44,10,1999223003072524952
43,10,3524636210926112497
43,11,2987385475971096881
43,12,482984606146593836
42,10,5062484985537394940
42,11,5520255289356614001
42,12,-6964194487056694494
41,10,3246113992316908903
41,11,5857476242220839418
41,12,-2706355021912009890
41,13,8394657868175211338
40,11,7607532396954507275
40,12,-177497738583941157
40,13,4663656655009507995
39,11,-4932860648408792028
39,12,-25064894376783521
39,13,6460528769800552136
39,14,6678173047496821352
40,14,-8323114765091182824
38,11,6895879849006112351
38,12,-5343207074276029002
38,13,1188542367397905251
37,11,1192941134242158417
37,12,-5529984997503149345
37,13,-6042504284469564140
38,14,4259778915389200133
37,14,-2627155299125171081
36,12,8745063066311031172
36,13,-4529799653473791004
36,14,-8459940322125557731
38,15,4055606948206222940
37,15,-4752664018172703816
36,15,-127546647470406064
35,13,-632481589416646547
35,14,-2849561078615141031
35,15,6539899367881629012
36,16,8081476080299750136
35,16,5143113215942164939
37,16,-352812209315172728
34,14,-167810075815989867
34,15,-1007060588449301843
34,16,5669221774862136241
34,13,-1913874362777314564
34,17,3643582291847631339
36,17,-7662309840347421744
35,17,1857961504883968394
33,15,-163908033661928302
33,16,-8197715064386557907
33,17,3275768443557862694
33,18,743237100698789890
35,18,734043454111217949
34,18,8153673453369632385
33,19,3598907888725543607
35,19,4800151103607769685
34,19,-1582328945115803049
32,17,-610807583992325712
32,18,-8916784610657493582
32,19,-7264258476871389198
31,17,3474428117126309640
31,18,-8465487472178597137
31,19,-9184295626606811298
32,20,2880688607010356172
31,20,-8054282073556991540
33,20,-4763389525384496319
30,18,-4555947040247396329
30,19,-6197859274231509703
30,20,3382965953374337960
29,18,-6342569338903763967
29,19,3305318721423437022
29,20,-1106641200962907104
28,18,6076206433800300691
28,19,-4777745271005231722
28,20,-944963256912699080
28,17,4669134930924171436
29,17,-6389118477093919567
30,17,2713962788632515734
27,17,-2641194724280032652
27,19,-9174116461939130349
27,18,-732820955133670423
27,16,3644939917984128517
28,16,-1882705908309329429
29,16,5185400057845692830
26,16,4161485754833471864
26,17,893852816912049323
26,18,-2429012731132403793
26,19,1092421079890455304
25,16,5336880503113401042
25,17,4748471973172567743
25,18,4419796603775974005
26,15,2136053185588929858
25,15,6304578336742378599
27,15,-298589657460416641
25,14,7510938719392794492
26,14,617742362570921340
27,14,-7166047338833143597
24,14,7205882099115854187
24,15,-89941717224615746
24,16,826375164058202965
25,13,-2525718589908264767
24,13,-1222842278130758171
26,13,499536068384517954
23,13,-2822471341708950472
23,14,4508288435800749836
23,15,-1182703134545466333
25,12,-6504932637683076972
24,12,-2112990064444738025
23,12,-2192094746151201464
22,12,454418819454359668
22,13,-8343566281011466648
22,14,3912427002593757397
23,11,-2813612389786638511
22,11,2799766109398389893
24,11,392478866457059998
21,11,4393206652727892113
21,12,-1404810813827206117
21,13,-8055540399736100099
21,10,9053751585800588430
23,10,7820953775597481108
22,10,-3437322939662298273
20,11,7522991091817227574
20,12,-5847743810954063164
20,13,7517049111633442307
20,10,155481110276016748
22,9,7757929799472953821
21,9,-8070957790185989419
20,9,427553662310203247
21,8,3990388247184225768
20,8,-700735095033985094
22,8,4242878884851160924
19,8,-6346575699348934796
19,9,-8319233504530678641
19,10,6678790752523187402
19,7,8696381956479394046
20,7,-8712037978306683436
21,7,-5523375896968630400
18,9,-5701529324945610437
18,8,-2072510236070748153
18,10,8943390471963600486
18,7,7948090731225984055
17,7,641246941845023194
17,8,1217500463159627113
17,9,-3092153188149534985
16,7,-6670216175465707102
16,8,1084533110279140617
16,9,-1406520471661413148
16,6,-8813960246904441744
18,6,-7383322700240312138
17,6,-759322851797415058
15,6,8871102824186411347
15,7,3026419643231328258
15,8,8866316951149692111
15,5,-4491635912078774564
17,5,-482908822903638111
16,5,-3161108921461311316
14,5,-9146580658853208901
14,6,-3938164384427206218
14,7,-9031545869814798645
14,4,-3639786707059256086
15,4,5734168511051309584
16,4,-4055829302977002892
13,4,-4930935389552972913
13,5,-2447514664226540343
13,6,-6452571243756696248
13,7,-3893439073225315330
12,4,-231466434360883053
12,5,1882361405461790521
12,6,-4809441804877855668
12,7,-9168997928894055245
11,7,8916782261932236522
11,6,2232811636609242772
11,5,-6918512729978892164
11,4,6085689388949372884
10,4,-4295078736301428126
10,5,-8942927116694572772
10,6,1201958624524033749
10,3,-1205169915622701505
12,3,-2388254019321829712
11,3,1307168928195012631
9,3,-2377334709961524685
9,4,-1059359756519576731
9,5,8586166790887350862
9,6,-2577580693419873250
8,4,-5908307214606559222
8,5,5056721638668681755
8,6,3807266948430729613
7,4,1781741035329887860
7,5,3256574527276790791
7,6,6571848835042248485
6,4,-248240939617442603
6,5,4613768928648018888
6,6,-5306649836534393530
5,4,-7930402828957955307
5,5,4127283161339422191
5,6,-2068435101754627132
7,7,-7525854857167883909
6,7,-7193738231269624598
5,7,9010218304151230147
7,8,1865744803629261008
6,8,-7631790946579352021
5,8,-8509639802489905368
4,6,8139439233890615713
4,7,-3148824540754991156
4,8,8039269909082595341
3,6,-3371954912633487447
3,7,8514795254130999599
3,8,7591346981095293669
2,6,3939316694146368883
2,7,-2725643199445696928
2,8,-1820088668189125884
1,6,-7970175883830895400
1,7,-4335186727464649323
1,8,278243742715674907
2,5,-130378750873362209
1,5,3755878566411202204
3,5,-5229576551682331950
0,5,1848897331151054816
0,6,2112622792756329080
0,7,-7433318977326661810
0,4,6231427447040483855
2,4,-3850949660593493832
1,4,2985833433482107244
3,4,-8603153594158176344
2,3,6835644996113151678
1,3,-6271210892195837940
0,3,-9075849880696707035
3,3,365811264811137747
3,2,2058543391027107730
2,2,8517293255303469540
1,2,6429587856416720298
4,2,-7112877334902492185
4,3,-7297941025300023396
4,4,-4930147426044152990
4,5,6069085944520335965
5,2,1049652052386975808
5,3,687472766433645102
6,3,-2100543406103509869
6,2,-3935602386227305270
7,2,3840915811874690130
7,3,1904121967247104632
5,1,5875949839525432791
6,1,-2749801204418711671
7,1,-2748600196839908151
4,1,5687558393200500045
4,0,5304357470569191618
6,0,3224736890221277080
5,0,-5630840831653059297
7,0,-7973115073814411539
8,0,5515751197770921216
8,1,7110435911388061769
8,2,-1019532026011032259
9,0,6374499060650662697
9,1,-6362843335751940988
9,2,8430941206550138993
8,3,-201683858631656585
74,49,-4870855123805359763
74,48,-4316815402848979485
73,48,-6333859595969308930
73,49,-6121582099507820918
72,47,1868158394656830006
76,43,-4192704515575751319
77,72,1063944228955420529
77,73,-9141628144332011631
76,72,8736623532774915066
76,71,-2174068589760347428
75,72,8014017889623169327
